9.343821922946056020e+02,3.499279199672696450e+01,2.428294715941183313e+01,1.670400719604776896e+01,7.191799357462571152e+00,1.318525273075653104e+01,6.791544289234252574e-01,-2.593206208828604531e+00,-3.286136383097755242e+01,-9.107705803297358216e+01,-2.700904288689162058e+02,-5.879059331933312933e+02,-9.088534377145697363e+02,-1.157269013113836991e+03,-1.339167554428800941e+03,-1.529406421807769220e+03,-1.718797311684524175e+03,-1.741846764736692421e+03,-4.141969714423175901e+03,-4.984756421526544727e+03,-5.515678055623779073e+03,-6.008359108934819233e+03,-5.593145649143960327e+03,-4.517733674448216334e+03,-3.371437154858169379e+03,-2.510148917096725199e+03,-3.021923441882041516e+03,-1.607988294627488358e+03,-1.569491073590354063e+03,-6.748632778543615132e+02,-3.313782938460281002e+02,-2.167273442822479410e+02,-4.235660392402545327e+00,-2.993783485622074636e+00,3.116962410271554518e+00,2.384396112384018807e+01,-3.081557442424013971e+00,3.898218089069814596e+01,5.002633162240317688e+01,7.574201468290857520e+01,4.667316571548644788e+01,6.110478732811088776e+01,5.004897217516463570e+01,3.150118003542047518e+00,9.965615858264663984e+01,2.422679118598625791e+01,2.406684921930991550e+01,5.406991406243196252e+01,1.824420131133683753e+01,3.431795622273693880e+01,-1.431875821718431325e+02,4.116947311590593017e+00,-5.409415573277601652e+01,-5.492094065574019623e+01,-6.151264557280046574e+01,-2.308792936275776810e+02,-1.174718622372897698e+02,-1.079493822941790313e+02,-5.485183065430624083e+01,6.327536852339949291e+01,1.444455013716464009e+01,1.269219087986499517e+01,7.074313191500692710e+00,9.666820340044068871e-02,1.945854748385272615e+00,2.225702508101448984e+00,-1.236443413338761843e+00,-2.726779776335774841e+01,-7.119971768050618266e+01,-1.288407262047967379e+02,-2.441020635968561692e+02,-3.630182055565092014e+02,-5.018962332107148541e+02,-5.621482612611362129e+02,-6.212870935683240532e+02,-6.446003959023801144e+02,-6.731462480377085740e+02,-1.548558314248206443e+03,-1.824603175715776160e+03,-1.878132230020870338e+03,-1.944630122282906086e+03,-1.691514218059426639e+03,-1.487835426544217626e+03,-1.040973113356078102e+03,-7.562349455234289053e+02,-8.610560135866180644e+02,-4.465279936975966848e+02,-5.069229532897370518e+02,-2.042925797693969798e+02,-1.043721774274090421e+02,-8.468127190577979491e+01,1.597060106031483073e+00,3.492158419687424242e+00,1.706268615375151398e+00,2.737738182208133253e+00,-2.608140710216133584e-01,3.827401623991704582e+00,1.121647705249520754e+01,1.876528498670438694e+00,8.628964223841819603e+00,7.491621524801473697e+00,-4.944969801365402873e+00,1.180829833965901798e+00,1.357729485151503468e+01,6.660867961027406636e+00,-3.859611779288911748e+00,-8.001821185147832693e+00,-9.391330968332113116e+00,4.924442415005785278e+00,-1.216731495259756457e+01,1.162104076459968383e+00,-1.304594789115083131e+01,-1.578636118823510515e+01,-2.289545440378219610e+01,-1.664537890906944995e+01,-2.369834428158355877e+00,-9.008313195363825798e+00
3.499279199672696450e+01,3.843756552388516070e+02,1.381928172222245621e+01,7.938355848551736926e+00,-4.174805004566820799e+00,-4.404980559772695869e+00,9.515114453155121055e+00,-3.783959934110342260e+00,-5.762818518328185746e+01,-1.910858097208611071e+02,-4.373425125023095461e+02,-7.433338879266921140e+02,-1.063571281067532254e+03,-1.314129563823124045e+03,-1.603668316079289070e+03,-1.963204633879460744e+03,-2.166043808027854539e+03,-2.400336259582065395e+03,-5.438713241628138348e+03,-6.288796736294345465e+03,-6.649427373082726263e+03,-6.650917555766063742e+03,-5.883778704096563160e+03,-4.660298944188456517e+03,-3.384566125224344432e+03,-2.507252652905386640e+03,-3.009639757312339498e+03,-1.576371449476981070e+03,-1.770475407268910203e+03,-8.149759613254864234e+02,-4.019337043117666326e+02,-2.712974828446822357e+02,-5.854729031351333823e+00,-2.927470629354125720e+00,3.990557366818299556e+01,2.981443387539377454e+01,6.984823075915943491e+01,1.005185945413920763e+02,1.374235590904518176e+02,1.121840804416920037e+02,1.637347469087289937e+02,2.131976614093832723e+02,-5.920102273830707418e-01,8.825358562228166193e+01,2.012504795574473064e+02,1.476317426068817440e+00,4.952827017421168421e+01,8.132767408192921721e+01,-3.481720829766709358e+01,-1.337643540674744145e+02,-3.652733984407113894e+02,1.229060410645388401e+01,-1.875763139703763045e+02,-3.499797994359560107e+02,-1.340666526785867063e+02,-6.948188135584205156e+02,-3.372026567033999527e+02,-1.998523628189957435e+02,-1.084305892129577842e+02,2.213427813046502024e+01,2.077515676251715604e+01,9.415893850733539239e+00,7.636008279511116825e+00,3.208925012207544114e-01,-9.527652184758323983e-01,8.876340002785383376e-01,-3.654518062954792867e+00,-5.411222254575932311e+00,-4.072065020247509892e+01,-8.535924741922553949e+01,-1.741723160868314153e+02,-2.331062297601165483e+02,-3.712356657101481687e+02,-4.814168638280279993e+02,-4.414892810123601521e+02,-5.375132629379731952e+02,-5.483329161000947352e+02,-1.323800798588592443e+03,-1.359918588594460743e+03,-1.653094164814319811e+03,-1.553581131426588399e+03,-1.462082263261894695e+03,-1.158773855098290369e+03,-8.728817818895840901e+02,-6.073302270806234446e+02,-7.903068813652753306e+02,-4.263819289315106289e+02,-4.849114836734843266e+02,-2.211623951411474991e+02,-1.684984656541810182e+02,-5.654553082778147655e+01,2.257914452033115360e+00,1.913044073896584152e+00,6.985215216198191968e+00,5.642223725272650370e+00,2.236086731108474623e+01,2.467985845829011282e+01,1.202222932532271216e+01,1.216728278076280390e+01,3.265427559742883545e+01,2.572413717034072533e+01,-1.259970279067576371e+01,2.498716805237734206e+00,3.472225306617531260e+01,1.802822660783556330e+01,8.171395368752882860e+00,-3.741196926022820435e+01,-1.152829977629113500e+01,1.482852287193929897e+01,-3.287353217082434753e+01,1.554176169156278320e-01,-3.300269679879255591e+01,-4.625870590747589972e+01,-5.450991464093732475e+01,-4.690793280955966793e+01,-7.508582132636604456e+00,-1.979093546245094615e+01
2.428294715941183313e+01,1.381928172222245621e+01,5.590309398191011496e+02,1.793417610684264218e+01,1.164787457868288811e+01,2.116352821755475588e+01,2.289395992030733851e+00,-6.415068394096806514e+00,-5.569748572970593159e+01,-1.920114860431258421e+02,-4.043088640542409848e+02,-6.703947162126205512e+02,-9.683901036492607091e+02,-1.283315069404619862e+03,-1.529976239725467167e+03,-1.689922229032265022e+03,-1.860250171382707777e+03,-1.972522210613678908e+03,-4.544585126063670032e+03,-5.134372345162089914e+03,-5.653096040533098858e+03,-5.729675230146793183e+03,-5.492099954902660102e+03,-4.486776506290887482e+03,-3.440253071264043683e+03,-2.599790661656181328e+03,-3.133305615454912186e+03,-1.604052444785658736e+03,-1.672912732323777163e+03,-6.796632136491389247e+02,-3.956822288436451345e+02,-2.754987975124131481e+02,1.614382195126221831e+00,-2.214462796430140656e+00,-2.060098949716993388e+01,-2.659616226978744180e+01,-4.658550012804892049e+01,-8.049496085424721059e+01,-1.160795370836137863e+02,-9.346430777014938940e+01,-1.398923988428241501e+02,-1.496304337331584975e+02,-8.290841708716698122e+01,-1.175323106885621200e+02,-1.567725511400394680e+02,-1.792095947473189881e+02,-1.908493161745127509e+02,-1.600864332644887327e+02,-1.575224276390099476e+02,-8.167784598975140398e+01,1.322343609858035052e+01,-8.217286899652572174e+01,-3.642738779998308019e+01,-1.425903093092620111e+01,-3.066847892480836890e+01,1.321255309085699992e+02,5.795274907306611567e+01,3.071763691623436898e+01,1.589134700152885671e+01,7.382226872543355967e+00,6.999793639019173952e+00,2.533915051214449932e+01,9.941440363190849894e+00,5.953057117870130810e+00,7.358143405609467891e+00,4.096456114712054841e-02,-6.373271658626194380e+00,-5.760982997421638174e+01,-1.646493164879684628e+02,-3.013088151005104010e+02,-4.880539600684023753e+02,-7.231120306927223282e+02,-8.665853185265150387e+02,-1.017282284659471770e+03,-1.169474623204041563e+03,-1.254360761081581586e+03,-1.342737868147181871e+03,-2.968700594845286105e+03,-3.292507848662571632e+03,-3.358720383391279029e+03,-3.377374021388648544e+03,-2.986928884855326032e+03,-2.350534868136164732e+03,-1.726447929747198941e+03,-1.278492129792633932e+03,-1.551121294030192075e+03,-8.004597160572629946e+02,-8.737561782919947291e+02,-3.863711033577747003e+02,-2.033107517202661256e+02,-1.419531206388692226e+02,-1.142955869010017000e+00,-1.767635799775270300e+00,-5.766596291877000624e+00,-7.091378065848459755e+00,-1.398950457251554269e+01,-1.727203762372644746e+01,-1.310124936772078286e+01,-1.420183176324977126e+01,-2.499290885693665132e+01,-2.078787064284739472e+01,-9.012070574929282429e+00,-1.081111964164688288e+01,-3.839409140928171382e+01,-3.131872772791371062e+01,-2.525361934806528552e+01,-3.495733023561797381e+00,-1.236537088824348984e+01,-2.064068707737328623e+01,-1.759163749081153583e+00,-9.795659563194760722e+00,-6.937712787678947279e+00,4.655697368547919268e+00,1.017203308511739124e+00,7.497179543747904518e+00,-2.508855421400056684e+00,3.315615093392835888e+00
1.670400719604776896e+01,7.938355848551736926e+00,1.793417610684264218e+01,3.239878286901183628e+02,1.038689537089817350e+01,1.931514752891976627e+01,5.721922471195824755e+00,-9.638524778499558465e+00,-9.784769112399476398e+01,-3.819686980911355931e+02,-8.820429434234210930e+02,-1.529424793304744526e+03,-2.258440520374864718e+03,-2.981121093436660885e+03,-3.645341713110683486e+03,-4.194361745650479861e+03,-4.678808378863235703e+03,-5.117463463600623072e+03,-1.180641325594074442e+04,-1.359995517280921922e+04,-1.473496304493214120e+04,-1.477913790929657989e+04,-1.388468996672239155e+04,-1.123071522461983841e+04,-8.451079597155694501e+03,-6.269008552598781534e+03,-7.618671283465650049e+03,-3.896925956032035174e+03,-4.138012215177135658e+03,-1.792509578958150087e+03,-1.036874283309280145e+03,-6.995117486640465359e+02,5.588408575908578868e-01,-2.836405865147053618e+00,-1.589397648848091649e+01,-2.500987395460543894e+01,-4.717179900758486610e+01,-6.809912533230686904e+01,-8.980202349698049602e+01,-1.061059483066574103e+02,-1.312464451316943723e+02,-1.576132664633516924e+02,-1.203668425508572000e+02,-1.403155810602513611e+02,-1.679964030585438195e+02,-2.747267571260490513e+02,-2.788289500952200797e+02,-2.801062896151115638e+02,-2.174736221568900874e+02,-2.153989967754337158e+02,-1.463732700177160950e+02,-2.031041297201486486e+02,-1.243917869052893366e+02,-2.312539453504959965e+02,-1.874714329696048480e+02,-1.837734048006232115e+02,-1.161990437728659344e+02,-5.206306856984292608e+01,-4.546923395037822502e+01,4.362843254077461097e+00,3.709562876801243192e+00,1.105009133670623100e+01,1.094744962056518034e+01,4.394793349066901555e+00,4.693134555854896917e+00,1.339201181547053920e-01,-9.270297141759130000e+00,-8.659709689365740815e+01,-2.785626831317731558e+02,-5.307487435489329073e+02,-8.653061072082091414e+02,-1.268613184906251263e+03,-1.584658608188025028e+03,-1.873579169397093210e+03,-2.116050398288378346e+03,-2.300866567456305347e+03,-2.466880212898111495e+03,-5.502121219687011035e+03,-6.041094423736823956e+03,-6.257955413018447871e+03,-6.193426434585147945e+03,-5.480728756509881350e+03,-4.299103122409411299e+03,-3.126477551034437056e+03,-2.283050132874872361e+03,-2.770941508132957097e+03,-1.412597886622848819e+03,-1.603736246086988103e+03,-7.188873326087123132e+02,-4.051176684246793229e+02,-2.570868670411236963e+02,-1.066862988353101338e+00,-1.102555486376701310e+00,-3.635966227723290700e+00,-5.349355840229144121e+00,-1.328238432348533138e+01,-1.304151416134342867e+01,-1.386168368051880861e+01,-1.556561058920341623e+01,-1.891848796547628808e+01,-2.070315035924485869e+01,-1.431656739156181857e+01,-1.831166863717342608e+01,-3.943400097226111711e+01,-3.417944069033819687e+01,-3.237575462975388518e+01,-2.304750210202172411e+01,-2.481867553759300904e+01,-2.666186910199519389e+01,-1.536428564418952192e+01,-1.862342723184264059e+01,-2.598806483963284109e+01,-1.599720126465277303e+01,-2.809506972748016551e+01,-8.464976028393124352e+00,-9.621136289900718452e+00,-3.615138342534393701e+00
7.191799357462571152e+00,-4.174805004566820799e+00,1.164787457868288811e+01,1.038689537089817350e+01,1.661725954711544375e+02,2.512993253602596866e+01,-5.924618991672872426e+00,-7.331188933603275615e+00,-5.906989103107110850e+01,-2.699526706777689924e+02,-6.339016204586628191e+02,-1.220215754728300453e+03,-1.806119127228987054e+03,-2.482475148713303497e+03,-3.047177605950495490e+03,-3.429210057934862562e+03,-3.914804833429156133e+03,-4.224294876010302687e+03,-9.912065227237464569e+03,-1.126015108611212054e+04,-1.223920026127663732e+04,-1.228941717856693140e+04,-1.180861594793086260e+04,-9.561288744873279938e+03,-7.289433715773797303e+03,-5.390972026539835497e+03,-6.590980689773867198e+03,-3.420779828959148290e+03,-3.507335389972398843e+03,-1.543935252464381847e+03,-9.572019532103031452e+02,-6.269574329374040644e+02,2.663927494328439671e+00,-1.734029674133105381e+00,-3.569697679853202033e+01,-3.709278300698893815e+01,-8.804576462269801596e+01,-1.080138207908591710e+02,-1.648812995405490938e+02,-1.320794252516194547e+02,-2.148022973811915222e+02,-2.676715120140695490e+02,-1.054745456224968621e+02,-1.821473159870458858e+02,-2.648681116088686736e+02,-2.612564273211996806e+02,-3.329270767760044691e+02,-3.097359333658328069e+02,-2.183469071605521776e+02,-1.316123528463558614e+02,1.428151372324168733e+01,-1.995132204798704834e+02,-3.193570119014179909e+01,-4.569795933406703625e+01,-9.828309793854123200e+01,1.906064146853927923e+02,4.732834062732467828e+01,4.530878286034669600e+01,1.248111293987142290e+01,-1.773796212927138072e+00,-3.404178828539961899e+00,3.271160793867537109e+00,1.814071168550093205e+00,2.637149175681191338e+00,3.324426931363021254e+00,2.327360758108646621e+00,-5.647524911493656319e+00,-1.089925253639569576e+02,-3.264670225542961361e+02,-6.019540976823054734e+02,-9.715918911079761529e+02,-1.434187245947049178e+03,-1.747763331936058421e+03,-2.017199180103692925e+03,-2.381394410983148191e+03,-2.512915865394193133e+03,-2.718224797565072549e+03,-5.944560923965473194e+03,-6.669969065608105666e+03,-6.613378124250450128e+03,-6.585869183058401177e+03,-5.724053285250527551e+03,-4.519722033883885160e+03,-3.274998112182876866e+03,-2.397954164303597281e+03,-2.779178168411184743e+03,-1.420259956503853573e+03,-1.554606568165073440e+03,-6.974397276548611444e+02,-3.371034460832904642e+02,-2.728004859323546043e+02,-1.694680478105279775e+00,-2.339209681878434921e+00,-6.724546800693752324e+00,-8.914937565075890191e+00,-2.492536920028176439e+01,-2.775359526178799641e+01,-1.755196882424175087e+01,-2.551155201908926529e+01,-3.881718908705905591e+01,-3.639841638431198589e+01,-1.521148690531347114e+01,-1.943385711010036943e+01,-6.106255876269710825e+01,-4.792188079550676605e+01,-3.809792394960709316e+01,-2.615085141399120516e+00,-2.433749124090816451e+01,-3.663713430528876813e+01,-1.836014081722581182e+00,-1.782015949071251271e+01,-1.056386633578725309e+01,9.689144239509360546e+00,-3.346434881114390691e+00,1.546176778444076660e+01,-4.607687052029049823e+00,5.885396763791494124e+00
1.318525273075653104e+01,-4.404980559772695869e+00,2.116352821755475588e+01,1.931514752891976627e+01,2.512993253602596866e+01,3.938714881320812538e+02,-3.431978352914512698e+00,-1.861798297378518896e+01,-1.548035075016908308e+02,-5.757926157334004529e+02,-1.263574284801296017e+03,-2.251101754484352568e+03,-3.352090411208660953e+03,-4.530615842534156400e+03,-5.565975058996664302e+03,-6.141533247509622015e+03,-6.952603366115523386e+03,-7.425614977590339549e+03,-1.746250962001395237e+04,-1.987415450313355541e+04,-2.184045564882749750e+04,-2.201171363732445752e+04,-2.128559006231912645e+04,-1.741534549728191632e+04,-1.323204271794545639e+04,-9.964640667004263378e+03,-1.204200367650546832e+04,-6.262412900563831499e+03,-6.460272084631826147e+03,-2.707931262954716658e+03,-1.664664694308397884e+03,-1.112495279427341302e+03,4.811145240761501185e+00,-6.088162881982122521e+00,-5.792963496550099478e+01,-7.480321470776053161e+01,-1.536939126062509615e+02,-2.288256359816747647e+02,-3.382664949537304437e+02,-2.575416301153590553e+02,-4.086069821038817054e+02,-5.006077973137169010e+02,-2.382038533166083880e+02,-3.481975864986435454e+02,-5.054781829973441063e+02,-5.286264291916395450e+02,-6.401051006793738907e+02,-5.689206709069844692e+02,-4.709093844438905307e+02,-2.855592506532157131e+02,-3.911263645555663970e+00,-3.275026616232187280e+02,-1.022504043812468808e+02,-7.839480613908426676e+01,-1.651768554187879090e+02,3.810436246765843862e+02,1.067195896326552429e+02,7.585012499369963734e+01,2.840235076585611296e+01,-8.552166667138010325e+00,-5.381985183125692629e+00,3.531288789740443690e+00,2.836818131718700897e+00,3.973362906520094384e+00,4.681604063209135802e+00,3.176868997911725501e+00,-1.648231043802811868e+01,-2.197688634051047529e+02,-6.497522605470708186e+02,-1.189988815532787157e+03,-1.909405337051689457e+03,-2.843920648898357285e+03,-3.436210933826009750e+03,-3.994790032981545664e+03,-4.678278850261036496e+03,-4.970410503463166606e+03,-5.355644144548659824e+03,-1.178172008024705065e+04,-1.317705343778800307e+04,-1.316654354010749012e+04,-1.313990762872267442e+04,-1.151666604093605565e+04,-8.957539053139149473e+03,-6.572288731367980290e+03,-4.836660262892801256e+03,-5.707758207734725147e+03,-2.947348763749636419e+03,-3.167803432961720318e+03,-1.404573312091690241e+03,-6.918195299190019796e+02,-5.254634643701265304e+02,-3.281824101945485683e+00,-4.476189964767393725e+00,-1.696878379650422275e+01,-2.025903967658940985e+01,-4.870656600477575893e+01,-5.469791243898810507e+01,-3.937552673416566051e+01,-5.039502526198764087e+01,-7.885882670806282135e+01,-7.006363859045198694e+01,-3.022402643148886625e+01,-3.855769882141738947e+01,-1.278130720851189324e+02,-1.015029063240307607e+02,-8.244675705667921761e+01,-1.494468599609078296e+01,-4.975963181632224064e+01,-7.330684584441220863e+01,-9.490703545037717959e+00,-3.519623989042527512e+01,-2.845136288510514078e+01,1.167459803500130988e+01,-1.006312201953494423e+01,2.312822733820075882e+01,-1.061115733356595570e+01,9.544906064999580053e+00
6.791544289234252574e-01,9.515114453155121055e+00,2.289395992030733851e+00,5.721922471195824755e+00,-5.924618991672872426e+00,-3.431978352914512698e+00,4.113758106838121762e+02,1.821783247940913952e+00,1.396757174663255228e+02,1.240455792363294677e+03,2.892065139939555593e+03,4.652292859041390329e+03,5.797443638236942206e+03,7.374319824847349082e+03,8.555457915041974047e+03,9.287073976782528916e+03,1.001968247743646498e+04,1.073324302317177353e+04,2.479031805615307530e+04,2.234123773048515432e+04,1.495594371336585027e+04,4.082106575765908929e+03,-8.659282774654362584e+03,-2.653015411979591590e+04,-2.496500803186769190e+04,-2.331465037517879682e+04,-3.348776666565696360e+04,-1.765005244980459975e+04,-1.488496055885234091e+04,-3.570589568113296991e+03,-1.066218970359761443e+03,-5.990260191254365054e+02,-1.221021320496266327e+00,-2.335261085415292825e+01,-4.266518955475714137e+01,-6.595818481816969836e+01,-2.459458029297439907e+01,-1.708498755698546461e+02,-1.245918809124603968e+02,-2.760047214351388902e+02,-1.533266091224277261e+02,-6.978522346339445903e+01,-2.209241825314411471e+02,-1.802204924467025648e+02,-1.769995298109586201e+02,-3.181545334596353314e+02,-1.511810811173386355e+02,-2.272216678930549278e+02,-3.033024753128770499e+02,-2.751512255759771506e+02,-8.864703824443677149e+01,-6.724736288697431519e+01,-1.672798707617498621e+02,-2.231904854303193133e+02,-1.441259729169073580e+02,-4.122168421675551144e+02,-1.190573419217012088e+02,-6.094060100334218077e+01,-3.799958330367417147e+01,-1.602709743461161906e+00,2.724118314408570996e+00,6.464012375535133970e+00,2.343278610622519409e+00,3.534984821630970941e+00,-1.614915501967979594e+01,1.514887846042554997e+01,5.983924919300598333e+00,3.790996426916505015e+02,1.071702259875250093e+03,1.536175022110647660e+03,1.906531210750030368e+03,2.704633177539804819e+03,3.031790632784073750e+03,2.941496231502194860e+03,3.203231700316529896e+03,3.053674496275769343e+03,3.249841165189653111e+03,6.818504069519200129e+03,6.319600872967945179e+03,1.939577762964865542e+03,-1.838932147040541167e+03,-9.805568774606726947e+03,-1.345836698768568749e+04,-1.203755771185597041e+04,-1.019041364941803113e+04,-1.415278165908303345e+04,-7.530592765157291979e+03,-6.136961811343308000e+03,-1.824944327396797235e+03,-1.101742235624822570e+03,-6.248498440253069930e+02,-2.149325192839022680e+00,-7.657398614850032814e+00,-1.669370708483324961e+01,-9.146404061968549826e+00,-8.533342458946385989e+00,-1.384909794585182397e+01,-3.150253537024271111e+01,-9.329095788667842726e+00,-1.815380499448573914e+01,-1.265375642425618707e+01,-4.897436153378379231e+00,-2.626340947446590235e+01,-4.442576092460990367e+01,-4.713365878413816290e+01,-4.929208466973864233e+01,-5.596301164219104862e+01,-1.955304675268030223e+01,-2.815646397522138500e+01,-2.292522177289586693e+01,-3.524024935474781728e+01,-5.531718262322397095e+01,-5.349045701578845069e+01,-4.311531524090378298e+01,-3.476333409515115136e+01,-1.981950808206590864e+01,-7.110084333479477436e+00
-2.593206208828604531e+00,-3.783959934110342260e+00,-6.415068394096806514e+00,-9.638524778499558465e+00,-7.331188933603275615e+00,-1.861798297378518896e+01,1.821783247940913952e+00,8.245381445688794884e+02,7.094837848186737574e+03,2.120854565868520513e+04,3.431636486783711007e+04,4.370420258376422134e+04,5.164558620096254162e+04,5.687855327365813719e+04,6.000790087087130814e+04,6.290268428684085666e+04,6.436154665848222794e+04,6.914772532316582510e+04,1.512007658467889123e+05,1.457825915723941580e+05,1.210372961311481631e+05,8.631563448831392452e+04,3.832892685615996015e+04,-2.790401880383626485e+04,-3.081319347677541737e+04,-3.220366343600215623e+04,-4.510858799839061976e+04,-2.276380218780809082e+04,-9.807439130937005757e+03,1.802178698782756328e+03,2.770661972463703933e+03,1.977291586504507450e+03,1.355421998660261274e+01,7.768988517410943473e+01,9.956765983661722430e+01,2.142514511091542886e+02,3.428913853702221104e+02,2.827215558785050575e+02,8.837072088012851054e+02,5.906982571691660269e+02,6.796076215881589633e+02,9.642061461894890044e+02,7.675111722872633209e+02,7.752883279326208594e+02,8.161873874184864235e+02,1.864322986922849850e+03,2.391256281786570071e+03,2.193148397468661642e+03,1.672446823187453901e+03,1.377740095487032931e+03,1.507747395792221369e+03,9.878597634208483669e+02,1.188439976349162407e+03,1.682823066091297505e+03,1.360321365230387528e+03,1.649957993037134656e+03,1.006653774909000731e+03,5.321628163455288814e+02,4.421151641829770256e+02,1.341408696656301913e+01,4.257069269767015385e-01,2.589921919965846087e+00,2.356655590669149092e+00,3.470979098248935912e+00,1.664369017725447009e+01,5.384699349886190589e+00,8.273842172044138579e+02,5.622311148928945840e+03,1.207520804932084502e+04,1.655622930140062454e+04,2.038140393123280228e+04,2.465899320666194035e+04,2.756232940109862102e+04,2.624804227551811709e+04,2.649279019004019574e+04,2.582232254333427045e+04,2.677171774414454558e+04,5.851052303005356225e+04,5.849973123252863297e+04,4.797719546852706117e+04,3.563322765395529132e+04,1.010949390675831455e+04,-7.012679327831276169e+03,-8.921429850383075973e+03,-8.618276760609494886e+03,-1.098239058687588476e+04,-4.156886408853052671e+03,1.606791579180526242e+03,2.363972653835945948e+03,1.470064473533103410e+03,6.462157172442628053e+02,5.681950555360364419e+00,2.559307493399803235e+01,4.713712311405907940e+01,3.802883349759679277e+01,5.514910512672395271e+01,9.038878236280079648e+01,9.410133935305299246e+01,8.692830338200053575e+01,9.913578879358392726e+01,1.282176195333032922e+02,1.322971092137291294e+02,1.290366175023265782e+02,2.110868927119819602e+02,2.218812528190317721e+02,2.093749161974904780e+02,2.254458000913904812e+02,1.976186993811824095e+02,1.461996145545089121e+02,1.478265087660286099e+02,1.468676499551285417e+02,1.808090503208722168e+02,2.265106802323496709e+02,2.287328832880663185e+02,1.473904357227215769e+02,7.046384140823914777e+01,3.842829880424851297e+01
-3.286136383097755242e+01,-5.762818518328185746e+01,-5.569748572970593159e+01,-9.784769112399476398e+01,-5.906989103107110850e+01,-1.548035075016908308e+02,1.396757174663255228e+02,7.094837848186737574e+03,7.115604158228893357e+04,2.221586860334401426e+05,3.791590788508902187e+05,5.043326676650649169e+05,6.072790665054877754e+05,6.836748985585133778e+05,7.421512691822620109e+05,7.957608856121017598e+05,8.278700628657718189e+05,8.936277876903022407e+05,1.975121773820287548e+06,1.969248354571051197e+06,1.712329749994191341e+06,1.300238913695503725e+06,7.083102634913150687e+05,-1.290992103654538514e+05,-2.256582138554310077e+05,-2.880086217002208577e+05,-4.474532073314043810e+05,-2.212706267880043888e+05,-6.898524814751872327e+04,4.875671846845297841e+04,4.849800052476953715e+04,3.404305576146359090e+04,8.949442863841824192e+01,6.292384188958023969e+02,9.101583529042038663e+02,1.978181982282050285e+03,3.216417006762337223e+03,3.652817537175748384e+03,8.357798672037148208e+03,7.507216643380532332e+03,8.676642763460258720e+03,1.067632864047260045e+04,1.109259083459527574e+04,1.044729086899317736e+04,1.166629207115235295e+04,2.425662739039040025e+04,2.692124315801338525e+04,2.533171306678155088e+04,2.106059352010102884e+04,1.939946250410843277e+04,1.793772634147334611e+04,1.330703734879209878e+04,1.496073419359530635e+04,2.157886285346007207e+04,1.708047608225353179e+04,2.394005741802703778e+04,1.284752917841347517e+04,7.127869557123377490e+03,5.269220478860389449e+03,4.330188004720275785e+01,-1.593668004848211694e+01,-1.705489581389133491e+01,-3.932366893842845457e+01,-3.302673188975973062e-01,1.013356973558485379e+02,1.128439965861022642e+02,7.871137289662492549e+03,5.722048484331206419e+04,1.266530867003251769e+05,1.777160823151351651e+05,2.232560023202652810e+05,2.735402793151643709e+05,3.133943886540437816e+05,3.097614147585330065e+05,3.095178357383573311e+05,3.131522235281361500e+05,3.206619709996106103e+05,7.099908153673321940e+05,7.117364360693537164e+05,5.908023593173450790e+05,4.426721931956582703e+05,1.281871587110491237e+05,-8.658719586404639995e+04,-1.090861174107453990e+05,-1.128907059796532267e+05,-1.506898162344675220e+05,-6.617572832765657222e+04,3.008135575570471701e+03,2.491108636671813292e+04,1.806472659659206693e+04,6.522683614954847144e+03,5.122587144907844703e+01,2.083247383910956501e+02,3.858892833095820833e+02,3.821577732543692605e+02,5.834051705404349377e+02,8.281231327766832919e+02,9.650282835816324223e+02,9.395370310121912780e+02,1.106911404905362360e+03,1.279132450397669118e+03,1.362183747352828050e+03,1.333119797180678006e+03,2.354548001548431785e+03,2.406455597220910022e+03,2.333676856099000361e+03,2.397347277093743742e+03,2.045111947616166162e+03,1.609355424256397100e+03,1.628358159687510806e+03,1.494013265500261696e+03,2.126160138871517120e+03,2.134284719067061360e+03,2.580481087121416294e+03,1.454836508015554045e+03,7.586295590195385330e+02,4.373706036861254915e+02
-9.107705803297358216e+01,-1.910858097208611071e+02,-1.920114860431258421e+02,-3.819686980911355931e+02,-2.699526706777689924e+02,-5.757926157334004529e+02,1.240455792363294677e+03,2.120854565868520513e+04,2.221586860334401426e+05,7.844604818860138766e+05,1.437835668109193444e+06,2.082792942542405333e+06,2.629343552944538184e+06,3.116107191811269149e+06,3.540703457763043232e+06,3.946470978251211345e+06,4.260829402767739259e+06,4.643373202993755229e+06,1.046195985470968485e+07,1.097356014313255623e+07,1.023548397824918106e+07,8.591945281881075352e+06,5.943107537455859594e+06,2.079772078510587104e+06,9.610899927230398171e+05,1.770189910871160682e+05,-2.626050635805288330e+05,-1.178019379091204610e+05,5.263897320471876301e+05,5.682395069009099388e+05,4.087181014241017983e+05,2.825621856168985250e+05,1.556911436811108729e+02,2.194935498677325995e+03,3.755876061297643446e+03,8.506549555308869458e+03,1.367230572303405279e+04,1.829366046011332219e+04,3.759193339967406064e+04,3.840912543211170123e+04,4.820572970715711563e+04,5.701438949578291795e+04,6.688126093998666329e+04,6.029504151427034958e+04,6.947837561374873621e+04,1.441742519607674330e+05,1.449641331004272215e+05,1.402987211426727299e+05,1.212821094158926280e+05,1.143937498878401966e+05,1.013843671444074571e+05,8.091147744890720060e+04,8.487888773263320036e+04,1.302486530605743028e+05,9.638886533929110738e+04,1.448504003170619253e+05,7.395656286869189353e+04,4.249902504101653903e+04,3.071316520074895743e+04,-1.140954894934184267e+02,-1.244554066729965598e+02,-1.997413842752594064e+02,-3.045396806217727317e+02,-1.020186347161663889e+02,5.429332794672291129e+01,5.716984104097700765e+02,2.383263998186731988e+04,1.880302498032545263e+05,4.371856257400596514e+05,6.364676998117747717e+05,8.283866784902354702e+05,1.050597271141784266e+06,1.246774913943500724e+06,1.267876053060624748e+06,1.288562978426021989e+06,1.330083359944188036e+06,1.376190957523708697e+06,3.050968640316384844e+06,3.088808597551703453e+06,2.684713304308082908e+06,2.084513585869468516e+06,8.336063955465394538e+05,-1.103897864398855017e+05,-2.810779148840851849e+05,-3.727858793248925940e+05,-5.182050612117393757e+05,-2.392087415768291103e+05,4.095922117170540150e+04,1.199523314062013524e+05,8.904733727564063156e+04,2.943115032745893404e+04,1.166985570451005287e+02,7.381315858881722534e+02,1.242155852411049864e+03,1.706849794239855555e+03,2.512216553937957542e+03,2.866209294563733692e+03,3.991686899689843358e+03,3.822490854050599410e+03,5.238619795013414659e+03,5.235541563317909095e+03,5.838854456334996030e+03,5.375040050601391158e+03,9.889909755397000481e+03,1.097317267664963765e+04,1.045865104941700338e+04,1.063168854665975232e+04,8.908958084782940205e+03,6.809014541283320796e+03,7.294218446446557209e+03,5.934743242586956512e+03,9.266332323124581308e+03,8.251901296048556105e+03,1.174041730471825940e+04,5.733179995727576170e+03,3.451630131509039984e+03,2.102242356460998963e+03
-2.700904288689162058e+02,-4.373425125023095461e+02,-4.043088640542409848e+02,-8.820429434234210930e+02,-6.339016204586628191e+02,-1.263574284801296017e+03,2.892065139939555593e+03,3.431636486783711007e+04,3.791590788508902187e+05,1.437835668109193444e+06,2.886357945194911212e+06,4.460983928613044322e+06,5.883246487600281835e+06,7.250858752753492445e+06,8.486955547602381557e+06,9.705998909321185201e+06,1.071043721187020466e+07,1.176881833780934848e+07,2.684925190104562044e+07,2.898647552700029314e+07,2.820821393623112515e+07,2.494877890307662636e+07,1.915015495592729747e+07,1.033950791105035692e+07,6.411423314992927946e+06,3.622086582243504003e+06,3.398946682024358772e+06,1.749663372036517598e+06,3.098752580068623647e+06,2.024212866074855905e+06,1.332513375385886757e+06,9.110755073052551597e+05,2.776724993853479759e+02,4.200995145765939924e+03,8.143368392338557896e+03,1.935494716719574353e+04,3.346667246057531156e+04,4.852628149174724240e+04,9.657499786172631138e+04,1.036265503236044460e+05,1.330544102513375110e+05,1.571252522163105314e+05,1.876564911663211824e+05,1.680781650001602538e+05,1.961340647105089738e+05,4.058852232310458203e+05,3.979779042144328705e+05,3.833131133992906543e+05,3.360573449421077967e+05,3.202440579555456061e+05,2.854627304991045385e+05,2.294555800173185125e+05,2.355138204130936647e+05,3.666231789012962254e+05,2.718586393326617545e+05,4.084228978811625275e+05,2.077586913038480270e+05,1.152283392289081239e+05,8.154458547046635067e+04,-9.510810208347647858e+02,-4.219917709601231763e+02,-7.076539742274653690e+02,-1.029376624574974812e+03,-4.383518041565394014e+02,-4.364781268813248971e+02,1.304748388356507348e+03,3.866764901639179152e+04,3.237610017387805856e+05,7.909676955943768844e+05,1.197775998970074113e+06,1.610512146918958519e+06,2.092143383033890743e+06,2.538321248123808298e+06,2.666477418861203361e+06,2.756150278143055737e+06,2.892320082509979606e+06,3.016130006121802144e+06,6.711846408814891241e+06,6.882223321272174828e+06,6.197310232174560428e+06,5.024722912341600284e+06,2.534451486336032860e+06,5.108565001017875038e+05,-2.269642858690512367e+04,-3.690098538630673429e+05,-5.965996164306597784e+05,-2.686707713439520448e+05,2.940733276732640807e+05,3.356108345705487300e+05,2.385590875127000618e+05,9.128049163989050430e+04,2.503823649189340301e+02,1.781450532787693191e+03,2.529820539000023018e+03,3.735972602760160953e+03,5.885770043033653565e+03,6.124113153728451834e+03,9.256890358176282461e+03,9.053932604584642831e+03,1.229604864565537719e+04,1.220606637183331623e+04,1.338697370924897405e+04,1.238557620989488714e+04,2.336767991617254665e+04,2.562821378358130096e+04,2.430201918602134901e+04,2.496816520025445789e+04,2.043057859212053518e+04,1.601991537017375231e+04,1.754489953417341167e+04,1.380853855020887204e+04,2.239780989229173429e+04,1.817683527813074761e+04,2.762697826440415884e+04,1.317280257132671431e+04,8.224290684497780603e+03,5.161982743030926031e+03
-5.879059331933312933e+02,-7.433338879266921140e+02,-6.703947162126205512e+02,-1.529424793304744526e+03,-1.220215754728300453e+03,-2.251101754484352568e+03,4.652292859041390329e+03,4.370420258376422134e+04,5.043326676650649169e+05,2.082792942542405333e+06,4.460983928613044322e+06,7.456618445489057340e+06,1.015892427539408207e+07,1.292170752010315657e+07,1.546436691053243726e+07,1.801833987882636487e+07,2.020564520717437565e+07,2.233533875059549138e+07,5.135326581904999912e+07,5.652590249941706657e+07,5.646729774069070816e+07,5.161847600265273452e+07,4.186996235865662992e+07,2.668056927316086367e+07,1.780041312751632184e+07,1.144291296251812018e+07,1.237820029359998554e+07,6.321886946232995018e+06,8.515564707769220695e+06,4.710995702216573060e+06,2.963465743176281452e+06,2.013218111891316017e+06,4.407391635776584735e+02,8.248733930246053205e+03,1.420016317058712957e+04,3.692378372225619387e+04,6.565636305147394887e+04,9.566264043863162806e+04,1.956707567708940187e+05,2.069695323438225896e+05,2.687853425959445303e+05,3.193748749599034199e+05,3.837264805457085604e+05,3.421874346850306029e+05,3.995902452975062188e+05,8.377474581597639481e+05,8.141192067964812741e+05,7.856801872500819154e+05,6.828820742614316987e+05,6.528465907801066060e+05,5.798483830022893380e+05,4.672807608826634241e+05,4.840271792143570492e+05,7.490090481228692224e+05,5.533957270232716110e+05,8.272575006250261795e+05,4.240153158626782242e+05,2.357688761340345081e+05,1.667793536834394909e+05,-2.232998995030444348e+03,-7.979586256348338793e+02,-1.294404285813820024e+03,-2.012418587011232376e+03,-8.169934712720569223e+02,-1.102850003723076952e+03,2.023780488143804178e+03,4.839526792184259830e+04,4.311080590672822436e+05,1.115810172633058392e+06,1.758210555246889591e+06,2.451501731098747812e+06,3.275540232938890345e+06,4.079840023159245960e+06,4.361304573664098978e+06,4.617373822207142599e+06,4.857446907357722521e+06,5.133532620411003008e+06,1.141984528500098549e+07,1.186332836832264811e+07,1.112614145063166693e+07,9.383871868270929903e+06,5.728583849565078504e+06,2.373615514204543084e+06,1.133123134270240087e+06,2.693041237853523344e+05,1.465676549181723967e+05,1.314197582687824033e+05,9.767380588649190031e+05,7.257975711310708430e+05,4.939163898810334504e+05,2.126963420472637517e+05,2.798185091616481941e+02,3.551709700835334843e+03,4.700517231609708688e+03,7.275367580939379877e+03,1.120894726281260046e+04,1.111772852518180116e+04,1.752087114284770723e+04,1.649112430056507947e+04,2.419109519726556391e+04,2.308086779972013028e+04,2.549421145724236339e+04,2.287032355447047303e+04,4.381073361114146974e+04,4.896090181591789587e+04,4.571717364858149085e+04,4.753647901998027373e+04,3.878268601211274654e+04,2.948548881205516227e+04,3.347476488919721305e+04,2.585420270344086384e+04,4.148458878379833914e+04,3.365572960991425498e+04,5.222247328916504193e+04,2.452056692003065473e+04,1.562708631467800296e+04,9.979104830409352871e+03
-9.088534377145697363e+02,-1.063571281067532254e+03,-9.683901036492607091e+02,-2.258440520374864718e+03,-1.806119127228987054e+03,-3.352090411208660953e+03,5.797443638236942206e+03,5.164558620096254162e+04,6.072790665054877754e+05,2.629343552944538184e+06,5.883246487600281835e+06,1.015892427539408207e+07,1.425256010276689567e+07,1.837404196533710882e+07,2.221292836563643813e+07,2.610878379128950834e+07,2.949938160447225720e+07,3.269330631129135936e+07,7.547275507477246225e+07,8.381959360328967869e+07,8.479566654648113251e+07,7.861843895411077142e+07,6.535077146101374924e+07,4.415448162517388165e+07,3.007402426622197777e+07,1.999133725728076324e+07,2.237756590559276566e+07,1.138293367513881996e+07,1.430630945808092877e+07,7.484178186800160445e+06,4.633954957123385742e+06,3.143302349955474958e+06,8.870213200963696636e+02,1.201602407170131482e+04,2.116000269947124616e+04,5.517677117344173166e+04,1.003137997366144555e+05,1.440743777407522139e+05,3.009274236088853213e+05,3.119469146985872067e+05,4.074215882096011192e+05,4.921433825678048888e+05,5.807105317531691398e+05,5.185625766634703614e+05,6.096325644079339691e+05,1.268972465053944848e+06,1.245092911785888486e+06,1.196392380925625795e+06,1.041193448409159551e+06,9.894191754824247910e+05,8.935381450601610122e+05,7.108164427967637312e+05,7.351297622572425753e+05,1.140711390142983291e+06,8.476366342767679598e+05,1.254406185449232347e+06,6.486580592816772405e+05,3.536131737329196185e+05,2.501560528706102050e+05,-3.494011988130157988e+03,-1.239331905249957344e+03,-2.005203173442088882e+03,-3.122846771164142410e+03,-1.299512366977394777e+03,-1.889554809079148981e+03,2.636049334911582264e+03,5.609347562211259356e+04,5.122615552423907211e+05,1.384922690235626418e+06,2.251147309081083164e+06,3.212561805175169371e+06,4.360602097525292076e+06,5.484890070994239300e+06,5.963840822015240788e+06,6.412434642989105545e+06,6.771577195800554939e+06,7.215320404326957650e+06,1.604152941817869805e+07,1.680371911359126493e+07,1.607248274273925647e+07,1.386757161744946241e+07,9.224208066786909476e+06,4.627869853587090038e+06,2.630278091159082018e+06,1.208347247183430009e+06,1.230705645841300022e+06,7.143372249259492382e+05,1.807823360148562584e+06,1.166199923193319002e+06,7.701926531830439344e+05,3.524755700464360416e+05,5.502902251422566451e+02,5.655080643103770853e+03,7.298107137240471275e+03,1.039129341114917770e+04,1.667193962506040407e+04,1.667459723028817825e+04,2.606794369118671602e+04,2.510079251135505910e+04,3.516816201516841102e+04,3.457908820930291404e+04,3.754260855463631015e+04,3.434592773253637279e+04,6.495398892347040237e+04,7.201605707077555417e+04,6.746670553776934685e+04,7.062194755479763262e+04,5.763607650482957979e+04,4.410602949463819095e+04,5.003628582044495852e+04,3.865775017271732941e+04,6.212194866686301975e+04,5.031324951932657132e+04,7.705676063800767588e+04,3.699273799997920287e+04,2.342982443127210354e+04,1.480000102941365003e+04
